23
55
31
37
41
21
43
6
47
15
43
35
17
55
30
15
15
36
23
59
47
55
15
15
65
15
25
23
65
22
22
16
36
31
41
1
16
15
23
16
57
15
23
52
33
36
16
22
22
15
74
15
19
16
15
15
16
1
16
23
15
21
1
21
15
15
15
36
1
15
15
15
15
15
62
15
16
15
16
15
15
15
1
36
22
15
15
15
15
16
15
16
15
15
1
15
22
1
22
15
15
16
15
15
15
15
16
15
5
16
60
8
62
1
36
19
16
15
15
15
16
16
15
67
15
15
1
1
1
15
15
15
15
15
16
1
15
15
1
35
26
15
15
7
15
15
15
16
48
15
16
15
16
16
1
15
16
50
15
6
15
16
15
15
15
16
16
15
15
23
16
15
16
15
23
1
15
1
15
1
15
15
15
15
15
15
20
31
16
15
38
15
15
16
15
35
15
16
48
28
15
1
23
15
15
31
15
36
30
31
16
15
1
1
31
33
15
32
36
29
16
15
15
1
15
17
15
15
6
6
15
16
15
15
15
15
5
29
15
16
15
15
15
15
1
7
16
15
16
15
33
16
15
57
15
15
15
32
35
15
15
15
20
15
15
16
1
14
59
15
15
16
59
23
15
15
20
15
16
36
62
32
38
44
16
36
35
15
15
15
35
23
15
6
15
15
22
15
15
64
16
15
71
19
47
15
22
32
15
56
16
43
16
15
1
15
37
36
64
35
15
1
36
35
22
23
35
36
36
15
36
36
52
64
15
15
36
22
16
16
15
47
22
15
15
15
16
47
15
64
15
62
1
15
15
15
15
31
16
64
1
36
15
15
60
15
1
36
36
15
21
58
1
1
33
1
1
33
1
16
15
15
36
35
23
33
15
44
15
15
35
16
52
20
16
1
38
28
15
15
16
6
37
9
16
35
35
1
15
6
1
20
15
15
16
15
15
16
16
15
15
16
15
15
1
16
60
35
15
35
16
36
4
64
36
57
48
35
15
16
15
1
36
15
15
15
15
30
28
1
1
1
1
1
15
23
16
33
15
15
15
16
15
66
4
1
15
15
16
10
15
36
15
15
36
15
22
16
15
15
15
15
15
15
21
16
15
16
15
5
50
15
20
21
21
21
15
15
15
15
20
16
54
1
12
15
15
15
15
21
24
15
15
15
16
15
15
16
15
23
15
30
15
15
47
22
1
15
15
16
47
35
20
15
15
15
15
60
17
15
15
15
6
16
33
15
1
1
1
1
1
15
1
15
66
66
5
70
70
6
16
7
23
9
7
1
6
6
6
22
16
6
2
28
5
15
16
15
16
15
15
15
2
16
7
16
1
15
15
16
15
16
15
15
1
1
37
15
15
5
6
16
15
26
6
7
16
16
10
26
10
68
28
7
38
66
15
17
15
15
1
31
21
15
26
19
19
4
10
16
15
66
16
16
31
15
16
15
16
28
12
1
1
1
15
15
15
15
15
19
17
19
16
16
19
16
10
1
15
1
31
63
32
55
5
15
1
15
15
16
15
15
16
16
15
1
16
1
16
15
37
19
15
19
1
1
52
52
7
52
35
36
21
31
38
31
36
15
23
16
22
23
23
36
20
1
38
62
33
1
28
33
57
52
15
20
16
19
15
35
57
17
23
43
16
36
34
16
23
15
15
55
24
6
16
7
38
15
47
35
16
32
33
16
36
47
16
69
31
16
33
15
16
15
16
36
44
35
22
36
52
23
41
65
37
33
33
36
33
15
16
15
15
16
16
47
36
23
16
16
15
15
1
39
33
1
15
16
16
15
58
32
34
1
15
15
16
47
24
36
15
58
23
23
16
1
15
15
15
9
15
33
15
69
6
35
15
16
15
20
1
19
15
15
36
47
16
15
20
1
15
15
1
15
15
1
1
1
35
16
63
15
15
68
15
29
15
67
15
44
15
22
35
16
15
15
15
15
15
15
15
15
15
15
23
7
15
41
15
15
21
15
15
16
15
1
15
15
15
16
15
35
15
15
15
15
15
15
15
16
15
16
15
15
15
16
16
16
15
1
35
16
15
34
15
1
16
16
15
15
15
1
16
15
31
15
15
50
15
15
32
1
15
23
16
16
15
16
16
15
16
15
16
16
15
32
16
15
15
15
15
15
15
16
15
15
16
15
15
15
15
15
15
15
15
16
15
15
32
15
23
16
16
16
15
16
16
15
16
10
15
1
16
15
15
1
15
15
15
15
15
16
15
16
30
35
15
15
16
15
16
59
16
15
15
15
15
47
15
16
15
31
15
15
1
15
26
15
47
1
31
15
1
15
15
15
16
16
15
1
15
1
1
15
66
15
15
31
15
15
15
15
15
33
16
31
19
31
16
15
15
15
16
31
15
16
15
15
15
15
15
15
16
16
16
15
15
16
35
16
16
15
16
16
15
16
15
76
16
15
16
15
16
15
15
16
15
31
15
15
16
16
15
16
31
34
52
52
36
69
16
22
44
5
10
2
64
19
37
16
23
38
5
23
63
35
69
23
24
43
33
19
34
30
23
23
38
15
23
15
16
15
15
15
15
15
15
15
15
15
15
15
15
15
16
15
15
15
15
15
15
15
15
15
15
15
16
15
15
15
15
15
15
55
15
15
16
23
55
69
23
15
15
44
23
16
16
16
16
15
15
15
15
15
15
55
33
19
15
15
15
15
15
15
16
15
15
16
16
16
23
23
23
15
15
15
15
19
15
20
16
52
19
21
52
1
64
16
35
35
16
31
64
15
59
34
7
35
59
35
23
23
43
47
21
59
35
59
31
87
31
15
44
1
1
44
1
16
15
16
21
1
48
1
1
16
7
16
16
5
23
16
31
16
31
18
36
16
1
16
16
15
15
15
15
16
15
15
15
16
16
60
1
1
16
16
15
16
35
16
16
1
16
16
35
16
16
16
16
15
16
15
15
31
15
35
47
16
15
47
62
16
67
16
16
16
56
15
31
16
15
15
7
20
16
31
76
16
15
16
57
16
15
1
15
76
16
16
16
1
16
16
1
15
16
1
16
15
56
16
16
1
16
1
16
48
1
16
1
16
16
36
16
23
15
16
15
6
1
35
14
16
1
16
16
1
4
16
31
15
16
16
16
31
16
44
16
18
16
15
15
1
15
16
15
44
15
16
16
15
15
31
31
16
29
16
16
16
15
16
16
16
16
15
16
16
16
16
16
16
16
16
44
52
16
15
78
31
16
36
59
31
35
19
31
15
31
31
55
33
55
36
15
15
33
15
16
32
36
37
15
22
37
21
37
32
31
36
1
24
35
35
23
16
36
21
16
16
16
16
38
31
15
15
35
15
16
33
15
16
15
16
31
36
16
1
16
15
16
34
33
1
1
52
1
1
16
4
15
16
29
7
16
16
16
16
15
36
36
15
23
15
15
31
15
16
16
16
16
31
35
44
33
15
29
16
23
36
31
24
20
15
22
16
36
16
34
16
31
23
15
14
15
15
16
15
21
15
47
10
15
16
35
31
16
16
67
16
16
15
67
1
1
16
17
59
15
21
1
31
16
16
16
15
15
15
15
32
57
31
15
4
31
6
29
29
17
76
15
15
78
6
16
23
15
7
15
15
15
1
16
17
24
20
16
15
21
21
31
16
16
65
17
31
16
4
37
48
15
30
15
15
44
21
52
35
52
69
59
52
35
23
16
21
23
1
16
59
15
26
15
19
35
47
33
31
15
37
15
16
69
15
23
35
31
31
1
24
16
22
1
1
1
1
1
62
73
10
35
23
22
15
35
14
16
31
1
16
21
15
16
16
16
16
15
16
35
14
15
15
20
16
15
22
15
7
62
31
35
15
16
22
1
1
15
15
32
16
1
16
16
16
1
73
16
1
1
35
36
29
1
1
16
16
16
31
1
31
15
14
1
15
1
1
1
1
15
15
15
15
15
36
31
16
15
31
31
32
1
14
31
1
37
24
1
16
57
37
31
36
31
57
15
31
15
16
1
14
32
16
1
31
24
67
31
16
15
1
15
15
15
23
31
16
17
21
67
1
32
33
16
20
16
16
21
23
15
45
28
15
16
46
16
32
16
6
33
35
16
4
16
33
32
44
16
16
48
44
32
16
1
45
65
1
57
17
15
5
15
1
15
16
6
16
33
16
33
16
33
33
23
33
33
33
33
15
33
1
33
16
15
33
1
1
35
52
19
15
23
44
24
44
16
23
15
16
16
15
21
10
38
33
37
48
21
21
33
55
1
34
69
59
16
14
21
21
20
31
16
1
35
21
16
31
16
16
15
16
16
16
23
38
35
6
15
15
15
15
16
16
1
35
31
24
21
36
1
16
6
60
1
35
21
1
16
15
16
16
16
22
16
15
30
16
32
16
23
7
50
16
1
16
1
31
16
16
31
23
19
46
16
15
16
15
16
20
7
16
1
44
16
16
16
16
16
16
1
1
15
1
16
16
16
15
48
16
15
76
22
15
15
23
16
16
16
16
16
16
20
26
61
21
22
16
15
16
16
1
19
16
16
15
15
16
15
16
65
16
20
16
15
16
37
16
16
15
16
16
1
15
1
16
1
16
15
16
32
16
15
15
65
33
20
16
35
1
16
31
31
31
31
1
16
31
31
16
31
16
35
36
34
15
35
14
1
23
44
36
1
23
1
34
14
23
31
35
31
31
15
15
37
80
1
15
16
34
16
1
16
15
15
15
16
15
15
16
16
15
34
16
15
15
23
16
59
16
15
4
20
15
1
15
15
16
16
21
1
16
44
35
16
32
16
16
15
1
15
16
15
16
16
38
15
1
16
16
16
16
16
15
16
15
1
16
31
16
16
15
16
16
47
15
16
16
16
35
16
17
15
17
15
15
15
16
16
47
15
20
47
16
15
15
1
16
16
15
21
16
31
16
28
16
16
31
15
15
16
16
15
16
15
16
14
31
16
23
16
18
16
21
15
16
16
16
1
16
31
16
16
16
15
23
1
31
16
15
16
1
16
16
28
16
16
15
16
16
16
7
1
15
16
16
15
16
39
16
16
62
62
36
16
52
21
31
64
1
31
43
36
19
19
5
28
35
19
31
12
35
17
16
16
35
35
81
35
23
44
21
1
1
36
36
43
33
36
52
36
36
36
31
31
32
31
1
31
31
15
1
15
16
18
15
15
15
24
15
15
15
16
15
15
16
1
15
1
35
15
15
15
15
15
15
15
15
15
20
15
15
15
1
15
15
15
25
16
15
1
15
16
15
15
15
15
15
15
43
6
7
15
15
15
15
6
15
34
1
15
15
15
15
15
15
6
52
21
19
35
24
36
15
43
15
31
15
15
1
15
15
15
15
15
1
16
15
15
15
15
1
15
15
15
16
15
57
15
16
15
16
15
31
15
23
15
15
15
57
1
15
36
36
32
15
15
15
15
15
15
5
15
15
15
15
15
15
15
15
36
15
16
15
15
20
15
15
15
15
14
15
15
15
15
16
16
15
15
31
15
23
15
15
15
15
31
15
15
15
23
15
20
15
15
1
15
15
15
15
15
16
48
31
9
23
15
31
20
16
15
23
15
15
15
31
15
15
15
16
15
16
15
15
15
35
15
15
15
36
15
15
30
15
15
15
15
16
15
15
15
35
15
15
15
15
15
7
16
15
15
15
15
15
15
15
15
15
16
15
15
15
15
15
15
15
6
16
53
19
15
15
36
31
15
1
15
15
16
6
15
15
2
15
15
15
31
15
15
15
15
15
44
32
15
15
15
15
15
15
15
36
16
15
24
15
1
16
15
16
47
15
15
31
67
15
15
15
23
31
5
15
15
1
16
15
15
7
16
15
15
15
1
1
31
23
1
5
33
18
15
15
35
15
15
16
21
16
15
31
15
15
23
76
15
16
15
15
36
16
15
15
15
15
15
15
15
16
15
15
15
15
15
16
15
15
19
23
15
16
16
15
15
15
16
36
64
23
36
31
31
15
21
21
15
15
16
15
21
36
15
15
16
15
1
21
15
16
36
31
15
14
15
15
16
15
31
15
1
15
36
15
15
15
15
15
31
15
15
1
15
1
16
16
15
36
15
15
36
31
15
15
15
15
15
15
15
1
31
16
15
15
15
23
31
1
16
21
1
31
16
15
21
15
15
15
31
16
15
57
15
16
23
15
15
15
15
15
16
16
16
15
15
15
16
15
15
16
16
15
15
1
1
16
1
1
16
31
16
16
31
15
16
23
15
1
1
16
15
37
16
15
15
15
15
15
15
15
15
15
36
7
1
36
16
35
31
15
16
16
15
15
36
16
15
15
15
15
31
1
5
52
36
15
15
15
1
1
15
15
15
20
15
15
15
15
23
15
15
15
15
15
15
15
15
31
15
16
36
15
15
15
55
15
15
16
15
1
15
15
31
15
15
15
15
15
15
16
1
15
15
15
15
15
15
15
15
5
15
1
15
16
15
16
15
15
15
15
15
15
15
15
15
15
31
15
15
1
15
36
16
15
1
15
36
15
16
16
16
47
15
16
15
15
16
15
33
1
15
47
15
16
16
22
15
36
15
15
15
35
16
15
15
35
35
36
15
15
15
15
15
16
67
15
15
15
31
29
33
23
21
15
15
1
16
15
1
15
15
15
16
15
23
37
16
67
16
15
16
15
15
16
1
16
15
15
15
15
15
32
16
1
33
1
16
15
15
15
15
15
1
15
31
15
15
15
15
16
15
31
15
16
1
16
36
16
23
15
21
36
1
15
15
21
1
21
32
15
15
15
31
5
52
19
21
31
18
15
33
34
36
36
21
37
35
21
33
21
7
34
24
22
16
36
32
36
16
15
15
1
36
43
33
23
22
20
31
38
16
52
21
55
47
